輪菊(白)
153,660
62,110
−
41,850
35,440
14,260
輪菊(黄)
46,750
18,750
−
8,540
13,460
6,000
輪菊(赤)
4,510
2,160
−
1,590
460
300
スプレー菊
139,860
40,020
−
36,450
26,020
37,370
小菊
99,490
41,750
−
28,680
14,870
14,190
カーネーション
91,804
30,644
−
14,710
16,710
29,740
スプレーカーネ
58,858
16,881
−
14,206
12,611
15,160
バラ
85,082
9,890
−
13,745
16,038
45,409
スターチス類
34,180
19,090
−
4,170
3,550
7,370
洋ラン類
29,659
8,839
−
7,814
5,381
7,625
ガーベラ
56,323
13,428
−
9,840
10,360
22,695
くじゃく草
11,630
2,700
−
1,930
3,840
3,160
コスモス
9,560
1,440
−
4,260
1,350
2,510
りんどう
33,335
10,270
−
6,390
6,390
10,285
その他の切花
301,712
51,504
−
62,383
48,970
138,855
小計
1,156,413
329,476
−
256,558
215,450
354,929
フェニックス
11,650
4,400
−
2,800
1,600
2,850
レザーファン
18,940
4,420
−
2,600
4,860
7,060
その他の切葉
68,371
14,102
−
14,255
18,991
21,023
小計
98,961
22,922
−
19,655
25,451
30,933
どうだんつつじ
50
−
−
−
−
50
その他の切枝
85,917
15,297
−
14,998
8,459
47,163
小計
85,967
15,297
−
14,998
8,459
47,213
ファレノプシス
88
−
−
18
46
24
小計
88
−
−
18
46
24
その他の苗物
24
−
−
24
−
−
小計
24
−
−
24
−
−
その他の花き
1,698
−
−
1,038
660
−
小計
1,698
−
−
1,038
660
−
