輪菊(白)
467,680
92,520
250,070
58,640
46,080
20,370
輪菊(黄)
188,980
31,570
93,810
20,270
25,840
17,490
輪菊(赤)
27,520
4,900
15,480
3,440
3,300
400
スプレー菊
446,851
60,840
260,714
44,340
31,082
49,875
小菊
351,453
48,038
217,935
37,555
24,615
23,310
カーネーション
405,687
48,363
251,591
36,603
26,620
42,510
スプレーカーネ
237,749
25,731
160,010
22,323
16,335
13,350
バラ
316,377
20,483
189,932
25,765
27,517
52,680
スターチス類
162,242
36,430
87,650
12,064
9,845
16,253
洋ラン類
130,330
13,597
78,897
14,049
11,289
12,498
ガーベラ
181,243
16,770
102,219
14,759
16,005
31,490
くじゃく草
46,190
4,650
29,370
3,260
3,230
5,680
コスモス
42,265
2,980
26,190
6,430
2,685
3,980
りんどう
144,161
23,190
82,940
12,530
11,480
14,021
その他の切花
1,362,690
93,314
883,326
118,252
85,144
182,654
小計
4,511,418
523,376
2,730,134
430,280
341,067
486,561
フェニックス
48,640
6,200
35,290
2,100
2,350
2,700
レザーファン
66,120
10,600
37,290
3,220
6,250
8,760
その他の切葉
246,186
20,374
145,365
25,360
24,724
30,363
小計
360,946
37,174
217,945
30,680
33,324
41,823
どうだんつつじ
2,906
−
1,722
608
149
427
その他の切枝
473,588
34,963
310,309
27,447
25,354
75,515
小計
476,494
34,963
312,031
28,055
25,503
75,942
菊類
512
−
512
−
−
−
シクラメン
136
−
136
−
−
−
カランコエ
57
−
57
−
−
−
シャコバサボテン
188
−
188
−
−
−
シンビジューム類
9
−
9
−
−
−
ファレノプシス
563
−
404
38
83
38
その他の鉢物
1,835
−
1,833
2
−
−
小計
3,300
−
3,139
40
83
38
その他の苗物
27,532
−
27,532
−
−
−
小計
27,532
−
27,532
−
−
−
その他の花き
11,407
−
7,463
2,584
1,360
−
小計
11,407
−
7,463
2,584
1,360
−
